     1        0   0.000
     2    12510   0.010
     3    25019   0.020
     4    37528   0.030
     5    50037   0.040
     6    62546   0.050
     7    75055   0.060
     8    87564   0.070
     9   100073   0.080
    10   112582   0.090
    11   125091   0.100
    12   137600   0.110
    13   150109   0.120
    14   162618   0.130
    15   175127   0.140
    16   187636   0.150
    17   200145   0.160
    18   212654   0.170
    19   225163   0.180
    20   237672   0.190
    21   250181   0.200
    22   262690   0.210
    23   275199   0.220
    24   287708   0.230
    25   300217   0.240
    26   312726   0.250
    27   325235   0.260
    28   337744   0.270
    29   350253   0.280
    30   362762   0.290
    31   375271   0.300
    32   387780   0.310
    33   400289   0.320
    34   412798   0.330
    35   425307   0.340
    36   437816   0.350
    37   450325   0.360
    38   462834   0.370
    39   475343   0.380
    40   487852   0.390
    41   500361   0.400
    42   512870   0.410
    43   525379   0.420
    44   537888   0.430
    45   550397   0.440
    46   562906   0.450
    47   575415   0.460
    48   587924   0.470
    49   600433   0.480
    50   612942   0.490
    51   625451   0.500
    52   637960   0.510
    53   650469   0.520
    54   662978   0.530
    55   675487   0.540
    56   687996   0.550
    57   700505   0.560
    58   713014   0.570
    59   725523   0.580
    60   738032   0.590
    61   750541   0.600
    62   763050   0.610
    63   775559   0.620
    64   788068   0.630
    65   800577   0.640
    66   813086   0.650
    67   825595   0.660
    68   838104   0.670
    69   850613   0.680
    70   863122   0.690
    71   875631   0.700
    72   888140   0.710
    73   900649   0.720
    74   913158   0.730
    75   925667   0.740
    76   938176   0.750
    77   950685   0.760
    78   963194   0.770
    79   975703   0.780
    80   988212   0.790
    81  1000721   0.800
    82  1013230   0.810
    83  1025739   0.820
    84  1038248   0.830
    85  1050757   0.840
    86  1063266   0.850
    87  1075775   0.860
    88  1088284   0.870
    89  1100793   0.880
    90  1113302   0.890
    91  1125811   0.900
    92  1138320   0.910
    93  1150829   0.920
    94  1163338   0.930
    95  1175847   0.940
    96  1188356   0.950
    97  1200865   0.960
    98  1213374   0.970
    99  1225883   0.980
   100  1238392   0.990
   101  1250901   1.000
   102  1263410   1.010
   103  1275919   1.020
   104  1288428   1.030
   105  1300937   1.040
   106  1313446   1.050
   107  1325955   1.060
   108  1338464   1.070
   109  1350973   1.080
   110  1363482   1.090
   111  1375991   1.100
   112  1388500   1.110
   113  1401009   1.120
   114  1413518   1.130
   115  1426027   1.140
   116  1438536   1.150
   117  1451045   1.160
   118  1463554   1.170
   119  1476063   1.180
   120  1488572   1.190
   121  1501081   1.200
   122  1513590   1.210
   123  1526099   1.220
   124  1538608   1.230
   125  1551117   1.240
   126  1563626   1.250
   127  1576135   1.260
   128  1588644   1.270
   129  1601153   1.280
   130  1613662   1.290
   131  1626171   1.300
   132  1638680   1.310
   133  1651189   1.320
   134  1663698   1.330
   135  1676207   1.340
   136  1688716   1.350
   137  1701225   1.360
   138  1713734   1.370
   139  1726243   1.380
   140  1738752   1.390
   141  1751261   1.400
   142  1763770   1.410
   143  1776279   1.420
   144  1788788   1.430
   145  1801297   1.440
   146  1813806   1.450
   147  1826315   1.460
   148  1838824   1.470
   149  1851333   1.480
   150  1863842   1.490
   151  1876351   1.500
   152  1888860   1.510
   153  1901369   1.520
   154  1913878   1.530
   155  1926387   1.540
   156  1938896   1.550
   157  1951405   1.560
   158  1963914   1.570
   159  1976423   1.580
   160  1988932   1.590
   161  2001441   1.600
   162  2013950   1.610
   163  2026459   1.620
   164  2038968   1.630
   165  2051477   1.640
   166  2063986   1.650
   167  2076495   1.660
   168  2089004   1.670
   169  2101513   1.680
   170  2114022   1.690
   171  2126531   1.700
   172  2139040   1.710
   173  2151549   1.720
   174  2164058   1.730
   175  2176567   1.740
   176  2189076   1.750
   177  2201585   1.760
   178  2214094   1.770
   179  2226603   1.780
   180  2239112   1.790
   181  2251621   1.800
   182  2264130   1.810
   183  2276639   1.820
   184  2289148   1.830
   185  2301657   1.840
   186  2314166   1.850
   187  2326675   1.860
   188  2339184   1.870
   189  2351693   1.880
   190  2364202   1.890
   191  2376711   1.900
   192  2389220   1.910
   193  2401729   1.920
   194  2414238   1.930
   195  2426747   1.940
   196  2439256   1.950
   197  2451765   1.960
   198  2464274   1.970
   199  2476783   1.980
   200  2489292   1.990
   201  2501801   2.000
