     1        0   129600   0.000
     2    12510   129600   0.010
     3    25019   129600   0.020
     4    37528   129600   0.030
     5    50037   129600   0.040
     6    62546   131091   0.050
     7    75055   131091   0.060
     8    87564   131091   0.070
     9   100073   131091   0.080
    10   112582   133465   0.090
    11   125091   133465   0.100
    12   137600   133465   0.110
    13   150109   133465   0.120
    14   162618   133465   0.130
    15   175127   135875   0.140
    16   187636   135875   0.150
    17   200145   135875   0.160
    18   212654   135875   0.170
    19   225163   138438   0.180
    20   237672   138438   0.190
    21   250181   138438   0.200
    22   262690   138438   0.210
    23   275199   141029   0.220
    24   287708   141029   0.230
    25   300217   141029   0.240
    26   312726   141029   0.250
    27   325235   141029   0.260
    28   337744   143677   0.270
    29   350253   143677   0.280
    30   362762   143677   0.290
    31   375271   143677   0.300
    32   387780   146347   0.310
    33   400289   146347   0.320
    34   412798   146347   0.330
    35   425307   146347   0.340
    36   437816   149088   0.350
    37   450325   149088   0.360
    38   462834   149088   0.370
    39   475343   149088   0.380
    40   487852   149088   0.390
    41   500361   151790   0.400
    42   512870   151790   0.410
    43   525379   151790   0.420
    44   537888   151790   0.430
    45   550397   154581   0.440
    46   562906   154581   0.450
    47   575415   154581   0.460
    48   587924   154581   0.470
    49   600433   154581   0.480
    50   612942   157410   0.490
    51   625451   157410   0.500
    52   637960   157410   0.510
    53   650469   157410   0.520
    54   662978   160218   0.530
    55   675487   160218   0.540
    56   687996   160218   0.550
    57   700505   160218   0.560
    58   713014   163086   0.570
    59   725523   163086   0.580
    60   738032   163086   0.590
    61   750541   163086   0.600
    62   763050   163086   0.610
    63   775559   165894   0.620
    64   788068   165894   0.630
    65   800577   165894   0.640
    66   813086   165894   0.650
    67   825595   168741   0.660
    68   838104   168741   0.670
    69   850613   168741   0.680
    70   863122   168741   0.690
    71   875631   171570   0.700
    72   888140   171570   0.710
    73   900649   171570   0.720
    74   913158   171570   0.730
    75   925667   171570   0.740
    76   938176   174424   0.750
    77   950685   174424   0.760
    78   963194   174424   0.770
    79   975703   174424   0.780
    80   988212   177279   0.790
    81  1000721   177279   0.800
    82  1013230   177279   0.810
    83  1025739   177279   0.820
    84  1038248   177279   0.830
    85  1050757   180170   0.840
    86  1063266   180170   0.850
    87  1075775   180170   0.860
    88  1088284   180170   0.870
    89  1100793   183185   0.880
    90  1113302   183185   0.890
    91  1125811   183185   0.900
    92  1138320   183185   0.910
    93  1150829   186059   0.920
    94  1163338   186059   0.930
    95  1175847   186059   0.940
    96  1188356   186059   0.950
    97  1200865   186059   0.960
    98  1213374   189006   0.970
    99  1225883   189006   0.980
   100  1238392   189006   0.990
   101  1250901   189006   1.000
   102  1263410   191903   1.010
   103  1275919   191903   1.020
   104  1288428   191903   1.030
   105  1300937   191903   1.040
   106  1313446   194864   1.050
   107  1325955   194864   1.060
   108  1338464   194864   1.070
   109  1350973   194864   1.080
   110  1363482   194864   1.090
   111  1375991   197901   1.100
   112  1388500   197901   1.110
   113  1401009   197901   1.120
   114  1413518   197901   1.130
   115  1426027   200961   1.140
   116  1438536   200961   1.150
   117  1451045   200961   1.160
   118  1463554   200961   1.170
   119  1476063   200961   1.180
   120  1488572   203951   1.190
   121  1501081   203951   1.200
   122  1513590   203951   1.210
   123  1526099   203951   1.220
   124  1538608   206973   1.230
   125  1551117   206973   1.240
   126  1563626   206973   1.250
   127  1576135   206973   1.260
   128  1588644   210024   1.270
   129  1601153   210024   1.280
   130  1613662   210024   1.290
   131  1626171   210024   1.300
   132  1638680   210024   1.310
   133  1651189   213126   1.320
   134  1663698   213126   1.330
   135  1676207   213126   1.340
   136  1688716   213126   1.350
   137  1701225   216225   1.360
   138  1713734   216225   1.370
   139  1726243   216225   1.380
   140  1738752   216225   1.390
   141  1751261   219348   1.400
   142  1763770   219348   1.410
   143  1776279   219348   1.420
   144  1788788   219348   1.430
   145  1801297   219348   1.440
   146  1813806   222531   1.450
   147  1826315   222531   1.460
   148  1838824   222531   1.470
   149  1851333   222531   1.480
   150  1863842   225737   1.490
   151  1876351   225737   1.500
   152  1888860   225737   1.510
   153  1901369   225737   1.520
   154  1913878   225737   1.530
   155  1926387   228970   1.540
   156  1938896   228970   1.550
   157  1951405   228970   1.560
   158  1963914   228970   1.570
   159  1976423   232088   1.580
   160  1988932   232088   1.590
   161  2001441   232088   1.600
   162  2013950   232088   1.610
   163  2026459   235132   1.620
   164  2038968   235132   1.630
   165  2051477   235132   1.640
   166  2063986   235132   1.650
   167  2076495   235132   1.660
   168  2089004   238223   1.670
   169  2101513   238223   1.680
   170  2114022   238223   1.690
   171  2126531   238223   1.700
   172  2139040   241378   1.710
   173  2151549   241378   1.720
   174  2164058   241378   1.730
   175  2176567   241378   1.740
   176  2189076   244532   1.750
   177  2201585   244532   1.760
   178  2214094   244532   1.770
   179  2226603   244532   1.780
   180  2239112   244532   1.790
   181  2251621   247665   1.800
   182  2264130   247665   1.810
   183  2276639   247665   1.820
   184  2289148   247665   1.830
   185  2301657   250743   1.840
   186  2314166   250743   1.850
   187  2326675   250743   1.860
   188  2339184   250743   1.870
   189  2351693   250743   1.880
   190  2364202   253828   1.890
   191  2376711   253828   1.900
   192  2389220   253828   1.910
   193  2401729   253828   1.920
   194  2414238   256983   1.930
   195  2426747   256983   1.940
   196  2439256   256983   1.950
   197  2451765   256983   1.960
   198  2464274   260122   1.970
   199  2476783   260122   1.980
   200  2489292   260122   1.990
   201  2501801   260122   2.000
